id=0;user_id_fk=0;balance=0.000000;created_at=2025-06-15 22:23:52;updated_at=NULL
id=1;user_id_fk=1;balance=0.000000;created_at=2025-06-15 22:24:22;updated_at=NULL
